  Year          Age             Female            Male           Total
  2015           0             0.003291        0.003989        0.003647
  2015           1             0.000235        0.000288        0.000262
  2015           2             0.000119        0.000191        0.000156
  2015           3             0.000136        0.000157        0.000147
  2015           4             0.000083        0.000112        0.000098
  2015           5             0.000069        0.000091        0.000080
  2015           6             0.000082        0.000088        0.000085
  2015           7             0.000067        0.000090        0.000079
  2015           8             0.000064        0.000107        0.000086
  2015           9             0.000061        0.000081        0.000071
  2015          10             0.000070        0.000057        0.000063
  2015          11             0.000057        0.000092        0.000075
  2015          12             0.000080        0.000097        0.000089
  2015          13             0.000082        0.000140        0.000112
  2015          14             0.000103        0.000153        0.000129
  2015          15             0.000146        0.000223        0.000185
  2015          16             0.000157        0.000291        0.000226
  2015          17             0.000125        0.000309        0.000219
  2015          18             0.000214        0.000434        0.000327
  2015          19             0.000188        0.000525        0.000360
  2015          20             0.000227        0.000529        0.000381
  2015          21             0.000221        0.000657        0.000442
  2015          22             0.000178        0.000523        0.000353
  2015          23             0.000221        0.000596        0.000410
  2015          24             0.000235        0.000644        0.000440
  2015          25             0.000245        0.000637        0.000440
  2015          26             0.000211        0.000707        0.000456
  2015          27             0.000241        0.000696        0.000465
  2015          28             0.000239        0.000746        0.000488
  2015          29             0.000311        0.000827        0.000564
  2015          30             0.000266        0.000803        0.000529
  2015          31             0.000368        0.000951        0.000654
  2015          32             0.000337        0.000818        0.000573
  2015          33             0.000370        0.000880        0.000620
  2015          34             0.000367        0.001055        0.000705
  2015          35             0.000400        0.001051        0.000720
  2015          36             0.000543        0.001120        0.000827
  2015          37             0.000538        0.001207        0.000869
  2015          38             0.000629        0.001239        0.000932
  2015          39             0.000656        0.001374        0.001012
  2015          40             0.000740        0.001498        0.001117
  2015          41             0.000819        0.001721        0.001267
  2015          42             0.000870        0.001707        0.001286
  2015          43             0.001092        0.002108        0.001597
  2015          44             0.001114        0.002278        0.001693
  2015          45             0.001264        0.002629        0.001942
  2015          46             0.001406        0.002739        0.002065
  2015          47             0.001604        0.003145        0.002364
  2015          48             0.001826        0.003204        0.002506
  2015          49             0.001752        0.003620        0.002674
  2015          50             0.002140        0.003910        0.003011
  2015          51             0.002352        0.004239        0.003279
  2015          52             0.002317        0.004778        0.003524
  2015          53             0.002680        0.005118        0.003875
  2015          54             0.002952        0.005937        0.004411
  2015          55             0.003138        0.006625        0.004835
  2015          56             0.003358        0.007249        0.005247
  2015          57             0.003624        0.008001        0.005743
  2015          58             0.003775        0.008579        0.006094
  2015          59             0.004189        0.009201        0.006598
  2015          60             0.004367        0.010119        0.007127
  2015          61             0.004616        0.010665        0.007517
  2015          62             0.004861        0.011443        0.008013
  2015          63             0.005382        0.012185        0.008636
  2015          64             0.005633        0.012842        0.009078
  2015          65             0.006159        0.013670        0.009740
  2015          66             0.006339        0.014495        0.010227
  2015          67             0.006794        0.015022        0.010711
  2015          68             0.007392        0.016527        0.011717
  2015          69             0.008179        0.017237        0.012442
  2015          70             0.008898        0.019351        0.013785
  2015          71             0.009979        0.020425        0.014837
  2015          72             0.010785        0.022017        0.015995
  2015          73             0.011991        0.023511        0.017292
  2015          74             0.012999        0.026523        0.019138
  2015          75             0.014888        0.028034        0.020787
  2015          76             0.016984        0.031386        0.023358
  2015          77             0.018338        0.034587        0.025413
  2015          78             0.020457        0.038977        0.028377
  2015          79             0.023528        0.043888        0.032060
  2015          80             0.027331        0.049666        0.036486
  2015          81             0.033157        0.056216        0.042438
  2015          82             0.037946        0.064219        0.048284
  2015          83             0.043658        0.073401        0.055040
  2015          84             0.050739        0.082858        0.062618
  2015          85             0.058240        0.094183        0.071145
  2015          86             0.068491        0.107090        0.081870
  2015          87             0.079018        0.119469        0.092514
  2015          88             0.090672        0.137110        0.105514
  2015          89             0.105997        0.155274        0.120946
  2015          90             0.122528        0.174779        0.137614
  2015          91             0.139951        0.198586        0.156089
  2015          92             0.156093        0.219515        0.172720
  2015          93             0.182361        0.246261        0.198283
  2015          94             0.206164        0.272844        0.221906
  2015          95             0.228087        0.294758        0.242953
  2015          96             0.251741        0.337157        0.269290
  2015          97             0.282725        0.360249        0.297156
  2015          98             0.319317        0.400330        0.333018
  2015          99             0.350490        0.445626        0.365360
  2015         100             0.397326        0.463257        0.407015
  2015         101             0.424885        0.530612        0.439053
  2015         102             0.480254        0.605415        0.495684
  2015         103             0.581459        0.646207        0.588813
  2015         104             0.618352        0.599590        0.616414
  2015         105             0.619649        0.777613        0.634102
  2015         106             0.633231        0.720507        0.640659
  2015         107             0.675949        0.775017        0.683533
  2015         108             0.708742        0.840542        0.717453
  2015         109             0.751466        0.958799        0.763198
  2015         110+            0.833836        1.559460        0.851229
  2016           0             0.003240        0.003975        0.003616
  2016           1             0.000265        0.000212        0.000238
  2016           2             0.000144        0.000211        0.000178
  2016           3             0.000100        0.000151        0.000126
  2016           4             0.000087        0.000108        0.000098
  2016           5             0.000092        0.000109        0.000101
  2016           6             0.000061        0.000112        0.000087
  2016           7             0.000057        0.000078        0.000068
  2016           8             0.000061        0.000058        0.000060
  2016           9             0.000056        0.000065        0.000061
  2016          10             0.000069        0.000088        0.000079
  2016          11             0.000072        0.000066        0.000069
  2016          12             0.000063        0.000072        0.000068
  2016          13             0.000060        0.000109        0.000085
  2016          14             0.000113        0.000130        0.000122
  2016          15             0.000128        0.000179        0.000154
  2016          16             0.000115        0.000188        0.000153
  2016          17             0.000127        0.000318        0.000225
  2016          18             0.000156        0.000442        0.000303
  2016          19             0.000198        0.000515        0.000360
  2016          20             0.000215        0.000508        0.000364
  2016          21             0.000187        0.000542        0.000368
  2016          22             0.000232        0.000573        0.000404
  2016          23             0.000272        0.000610        0.000443
  2016          24             0.000209        0.000599        0.000404
  2016          25             0.000227        0.000637        0.000432
  2016          26             0.000263        0.000728        0.000494
  2016          27             0.000254        0.000723        0.000486
  2016          28             0.000267        0.000722        0.000491
  2016          29             0.000353        0.000684        0.000515
  2016          30             0.000299        0.000714        0.000502
  2016          31             0.000332        0.000818        0.000570
  2016          32             0.000369        0.000827        0.000592
  2016          33             0.000400        0.000900        0.000645
  2016          34             0.000410        0.000956        0.000678
  2016          35             0.000402        0.001014        0.000702
  2016          36             0.000484        0.000997        0.000736
  2016          37             0.000510        0.001238        0.000868
  2016          38             0.000566        0.001243        0.000901
  2016          39             0.000686        0.001345        0.001012
  2016          40             0.000701        0.001386        0.001041
  2016          41             0.000686        0.001599        0.001140
  2016          42             0.000815        0.001831        0.001319
  2016          43             0.001021        0.001991        0.001502
  2016          44             0.001124        0.002080        0.001599
  2016          45             0.001303        0.002299        0.001798
  2016          46             0.001337        0.002560        0.001943
  2016          47             0.001608        0.002946        0.002269
  2016          48             0.001694        0.003161        0.002417
  2016          49             0.001896        0.003582        0.002728
  2016          50             0.002036        0.003877        0.002943
  2016          51             0.002043        0.004176        0.003092
  2016          52             0.002327        0.004361        0.003324
  2016          53             0.002484        0.005073        0.003752
  2016          54             0.002712        0.005698        0.004173
  2016          55             0.002999        0.006194        0.004558
  2016          56             0.003252        0.007174        0.005158
  2016          57             0.003729        0.007715        0.005661
  2016          58             0.003879        0.008318        0.006022
  2016          59             0.004220        0.009006        0.006523
  2016          60             0.004599        0.009949        0.007162
  2016          61             0.004776        0.010703        0.007610
  2016          62             0.004989        0.011689        0.008191
  2016          63             0.005382        0.012371        0.008718
  2016          64             0.005820        0.012744        0.009121
  2016          65             0.006299        0.013595        0.009773
  2016          66             0.006621        0.014328        0.010283
  2016          67             0.006941        0.014974        0.010754
  2016          68             0.007112        0.016144        0.011389
  2016          69             0.008047        0.017588        0.012545
  2016          70             0.008744        0.019113        0.013597
  2016          71             0.009821        0.020078        0.014583
  2016          72             0.010978        0.021574        0.015884
  2016          73             0.011628        0.023718        0.017196
  2016          74             0.012882        0.025273        0.018543
  2016          75             0.014059        0.028335        0.020495
  2016          76             0.015662        0.030022        0.022045
  2016          77             0.018059        0.033867        0.024978
  2016          78             0.020885        0.037827        0.028184
  2016          79             0.023394        0.042102        0.031315
  2016          80             0.026997        0.046566        0.035095
  2016          81             0.030894        0.053887        0.040196
  2016          82             0.036044        0.060795        0.045854
  2016          83             0.043185        0.069995        0.053563
  2016          84             0.049523        0.080660        0.061218
  2016          85             0.057810        0.090578        0.069680
  2016          86             0.066657        0.102400        0.079197
  2016          87             0.075734        0.118252        0.090101
  2016          88             0.087629        0.132437        0.102144
  2016          89             0.102507        0.149502        0.117063
  2016          90             0.118188        0.172299        0.134036
  2016          91             0.134914        0.183244        0.148338
  2016          92             0.153350        0.218052        0.170415
  2016          93             0.173280        0.245598        0.191338
  2016          94             0.198025        0.268609        0.214705
  2016          95             0.225151        0.296268        0.241073
  2016          96             0.248468        0.333966        0.266397
  2016          97             0.275192        0.368131        0.293049
  2016          98             0.307669        0.405835        0.324617
  2016          99             0.325790        0.476070        0.349000
  2016         100             0.373750        0.500196        0.391813
  2016         101             0.415468        0.548573        0.433351
  2016         102             0.448668        0.560263        0.462356
  2016         103             0.522865        0.741286        0.546600
  2016         104             0.704725        0.791546        0.713620
  2016         105             0.669824        0.945183        0.693939
  2016         106             0.714443        0.938667        0.732169
  2016         107             0.771526        1.014033        0.789475
  2016         108             0.837190        1.150257        0.857356
  2016         109             0.890757        1.371172        0.915525
  2016         110+            1.034905        2.298106        1.062489
  2017           0             0.003491        0.004049        0.003776
  2017           1             0.000260        0.000284        0.000272
  2017           2             0.000111        0.000168        0.000140
  2017           3             0.000113        0.000124        0.000119
  2017           4             0.000091        0.000084        0.000087
  2017           5             0.000068        0.000108        0.000088
  2017           6             0.000056        0.000096        0.000076
  2017           7             0.000061        0.000087        0.000074
  2017           8             0.000028        0.000083        0.000056
  2017           9             0.000061        0.000027        0.000043
  2017          10             0.000048        0.000085        0.000067
  2017          11             0.000079        0.000080        0.000080
  2017          12             0.000072        0.000079        0.000075
  2017          13             0.000086        0.000085        0.000085
  2017          14             0.000075        0.000148        0.000112
  2017          15             0.000095        0.000187        0.000142
  2017          16             0.000123        0.000244        0.000186
  2017          17             0.000131        0.000293        0.000215
  2017          18             0.000208        0.000370        0.000291
  2017          19             0.000182        0.000404        0.000296
  2017          20             0.000195        0.000577        0.000390
  2017          21             0.000228        0.000607        0.000421
  2017          22             0.000203        0.000604        0.000406
  2017          23             0.000198        0.000625        0.000413
  2017          24             0.000202        0.000582        0.000392
  2017          25             0.000261        0.000619        0.000440
  2017          26             0.000192        0.000684        0.000437
  2017          27             0.000220        0.000671        0.000443
  2017          28             0.000234        0.000745        0.000485
  2017          29             0.000320        0.000708        0.000511
  2017          30             0.000279        0.000717        0.000493
  2017          31             0.000328        0.000803        0.000560
  2017          32             0.000292        0.000931        0.000604
  2017          33             0.000358        0.000867        0.000606
  2017          34             0.000416        0.000886        0.000646
  2017          35             0.000452        0.001036        0.000738
  2017          36             0.000449        0.001109        0.000772
  2017          37             0.000564        0.001123        0.000838
  2017          38             0.000640        0.001123        0.000878
  2017          39             0.000625        0.001291        0.000954
  2017          40             0.000682        0.001441        0.001057
  2017          41             0.000771        0.001523        0.001144
  2017          42             0.000866        0.001778        0.001319
  2017          43             0.000989        0.001981        0.001481
  2017          44             0.001037        0.001977        0.001503
  2017          45             0.001231        0.002253        0.001739
  2017          46             0.001331        0.002582        0.001953
  2017          47             0.001512        0.002764        0.002133
  2017          48             0.001705        0.003062        0.002375
  2017          49             0.001742        0.003482        0.002600
  2017          50             0.002026        0.003728        0.002866
  2017          51             0.002240        0.004128        0.003170
  2017          52             0.002392        0.004523        0.003439
  2017          53             0.002561        0.005150        0.003829
  2017          54             0.002842        0.005287        0.004038
  2017          55             0.003070        0.005879        0.004443
  2017          56             0.003336        0.006736        0.004992
  2017          57             0.003693        0.007208        0.005398
  2017          58             0.003809        0.008134        0.005900
  2017          59             0.004228        0.008823        0.006440
  2017          60             0.004615        0.009524        0.006970
  2017          61             0.004816        0.010850        0.007695
  2017          62             0.005266        0.011554        0.008260
  2017          63             0.005380        0.012166        0.008612
  2017          64             0.005777        0.012598        0.009020
  2017          65             0.006136        0.013747        0.009747
  2017          66             0.006616        0.014570        0.010388
  2017          67             0.006959        0.015403        0.010956
  2017          68             0.007555        0.015904        0.011500
  2017          69             0.008227        0.017391        0.012551
  2017          70             0.009050        0.018662        0.013561
  2017          71             0.009611        0.019896        0.014395
  2017          72             0.011009        0.021273        0.015750
  2017          73             0.011783        0.023103        0.016990
  2017          74             0.012800        0.025184        0.018465
  2017          75             0.014214        0.027503        0.020246
  2017          76             0.016063        0.030772        0.022637
  2017          77             0.018285        0.032981        0.024752
  2017          78             0.020446        0.038005        0.028046
  2017          79             0.022820        0.041330        0.030717
  2017          80             0.026462        0.045509        0.034431
  2017          81             0.030464        0.052756        0.039575
  2017          82             0.035507        0.059901        0.045233
  2017          83             0.041246        0.068604        0.051908
  2017          84             0.049062        0.080711        0.061097
  2017          85             0.056829        0.088986        0.068668
  2017          86             0.066770        0.102254        0.079347
  2017          87             0.077946        0.118704        0.091894
  2017          88             0.088845        0.131972        0.102998
  2017          89             0.103138        0.151427        0.118306
  2017          90             0.120390        0.169132        0.134977
  2017          91             0.136765        0.193904        0.152869
  2017          92             0.156252        0.217880        0.172666
  2017          93             0.179014        0.242096        0.194857
  2017          94             0.203441        0.271560        0.219574
  2017          95             0.227098        0.311333        0.245912
  2017          96             0.258032        0.334388        0.274082
  2017          97             0.272413        0.360625        0.289705
  2017          98             0.320362        0.399152        0.334405
  2017          99             0.334870        0.429280        0.349691
  2017         100             0.364647        0.425560        0.373210
  2017         101             0.397592        0.466797        0.406524
  2017         102             0.459833        0.603149        0.477150
  2017         103             0.488948        0.592807        0.500366
  2017         104             0.613622        0.733992        0.625473
  2017         105             0.804126        0.846573        0.807738
  2017         106             0.905014        0.898426        0.904508
  2017         107             1.032785        0.959267        1.027545
  2017         108             1.153145        1.047923        1.146159
  2017         109             1.303616        1.295174        1.303161
  2017         110+            1.638947        2.515182        1.652985
  2018           0             0.003438        0.004178        0.003816
  2018           1             0.000224        0.000282        0.000254
  2018           2             0.000139        0.000185        0.000162
  2018           3             0.000124        0.000111        0.000117
  2018           4             0.000091        0.000128        0.000110
  2018           5             0.000074        0.000083        0.000079
  2018           6             0.000094        0.000067        0.000080
  2018           7             0.000053        0.000063        0.000058
  2018           8             0.000068        0.000065        0.000067
  2018           9             0.000059        0.000075        0.000067
  2018          10             0.000084        0.000065        0.000074
  2018          11             0.000038        0.000094        0.000067
  2018          12             0.000064        0.000109        0.000087
  2018          13             0.000080        0.000098        0.000089
  2018          14             0.000070        0.000149        0.000110
  2018          15             0.000105        0.000198        0.000153
  2018          16             0.000135        0.000230        0.000184
  2018          17             0.000113        0.000274        0.000196
  2018          18             0.000181        0.000354        0.000270
  2018          19             0.000171        0.000505        0.000343
  2018          20             0.000176        0.000516        0.000350
  2018          21             0.000221        0.000630        0.000430
  2018          22             0.000194        0.000567        0.000383
  2018          23             0.000193        0.000608        0.000402
  2018          24             0.000193        0.000658        0.000426
  2018          25             0.000261        0.000649        0.000455
  2018          26             0.000233        0.000633        0.000432
  2018          27             0.000210        0.000610        0.000409
  2018          28             0.000283        0.000607        0.000443
  2018          29             0.000327        0.000808        0.000563
  2018          30             0.000254        0.000776        0.000509
  2018          31             0.000299        0.000746        0.000517
  2018          32             0.000357        0.000791        0.000568
  2018          33             0.000380        0.000867        0.000617
  2018          34             0.000405        0.000991        0.000691
  2018          35             0.000438        0.001022        0.000723
  2018          36             0.000496        0.001120        0.000801
  2018          37             0.000561        0.001213        0.000880
  2018          38             0.000536        0.001264        0.000893
  2018          39             0.000603        0.001460        0.001025
  2018          40             0.000726        0.001434        0.001076
  2018          41             0.000834        0.001528        0.001177
  2018          42             0.000878        0.001674        0.001272
  2018          43             0.001060        0.001821        0.001438
  2018          44             0.001187        0.002079        0.001629
  2018          45             0.001202        0.002378        0.001786
  2018          46             0.001342        0.002480        0.001908
  2018          47             0.001404        0.002758        0.002077
  2018          48             0.001626        0.002995        0.002303
  2018          49             0.001910        0.003388        0.002639
  2018          50             0.001994        0.003672        0.002822
  2018          51             0.002225        0.004073        0.003136
  2018          52             0.002251        0.004456        0.003337
  2018          53             0.002593        0.004880        0.003715
  2018          54             0.002748        0.005411        0.004051
  2018          55             0.003003        0.005842        0.004389
  2018          56             0.003520        0.006500        0.004974
  2018          57             0.003686        0.007088        0.005338
  2018          58             0.003692        0.007875        0.005716
  2018          59             0.004207        0.008508        0.006278
  2018          60             0.004486        0.009194        0.006747
  2018          61             0.004649        0.010299        0.007352
  2018          62             0.005111        0.011287        0.008047
  2018          63             0.005421        0.012123        0.008602
  2018          64             0.005744        0.012854        0.009117
  2018          65             0.006232        0.013277        0.009564
  2018          66             0.006732        0.014338        0.010322
  2018          67             0.007133        0.014998        0.010847
  2018          68             0.007674        0.016693        0.011927
  2018          69             0.007955        0.017435        0.012416
  2018          70             0.008808        0.018047        0.013146
  2018          71             0.009650        0.019928        0.014447
  2018          72             0.010462        0.021431        0.015532
  2018          73             0.011398        0.023627        0.017009
  2018          74             0.013154        0.025252        0.018681
  2018          75             0.014232        0.027372        0.020204
  2018          76             0.015678        0.029679        0.021982
  2018          77             0.017861        0.033427        0.024758
  2018          78             0.019888        0.036565        0.027157
  2018          79             0.022988        0.041464        0.030901
  2018          80             0.026080        0.044837        0.034000
  2018          81             0.030384        0.051485        0.039111
  2018          82             0.034022        0.056829        0.043241
  2018          83             0.039759        0.066728        0.050335
  2018          84             0.047245        0.075411        0.058019
  2018          85             0.056263        0.088865        0.068424
  2018          86             0.065343        0.100555        0.078023
  2018          87             0.075976        0.114057        0.089153
  2018          88             0.086318        0.131532        0.101367
  2018          89             0.101107        0.148658        0.116227
  2018          90             0.116434        0.168459        0.132223
  2018          91             0.133124        0.190122        0.149550
  2018          92             0.149489        0.217040        0.167705
  2018          93             0.172560        0.239032        0.189415
  2018          94             0.197219        0.261856        0.212661
  2018          95             0.222362        0.299633        0.239642
  2018          96             0.255522        0.335031        0.272220
  2018          97             0.280611        0.361460        0.296554
  2018          98             0.306448        0.385148        0.320890
  2018          99             0.337053        0.459893        0.357223
  2018         100             0.376917        0.481398        0.392220
  2018         101             0.402368        0.466175        0.410775
  2018         102             0.414799        0.520924        0.427152
  2018         103             0.487878        0.529389        0.492375
  2018         104             0.574181        0.638084        0.580749
  2018         105             1.280809        1.330853        1.285306
  2018         106             0.776647        0.762518        0.775445
  2018         107             0.822961        0.834989        0.823905
  2018         108             0.890782        0.925432        0.893386
  2018         109             0.946396        1.117560        0.958091
  2018         110+            1.146437        2.235234        1.174969
  2019           0             0.003319        0.004157        0.003749
  2019           1             0.000217        0.000321        0.000271
  2019           2             0.000160        0.000220        0.000191
  2019           3             0.000096        0.000116        0.000106
  2019           4             0.000076        0.000139        0.000108
  2019           5             0.000079        0.000094        0.000087
  2019           6             0.000076        0.000078        0.000077
  2019           7             0.000047        0.000094        0.000071
  2019           8             0.000041        0.000068        0.000054
  2019           9             0.000083        0.000084        0.000084
  2019          10             0.000041        0.000075        0.000058
  2019          11             0.000046        0.000070        0.000058
  2019          12             0.000070        0.000077        0.000074
  2019          13             0.000107        0.000090        0.000098
  2019          14             0.000082        0.000129        0.000106
  2019          15             0.000127        0.000175        0.000151
  2019          16             0.000131        0.000244        0.000189
  2019          17             0.000136        0.000287        0.000214
  2019          18             0.000220        0.000441        0.000334
  2019          19             0.000125        0.000516        0.000327
  2019          20             0.000182        0.000505        0.000348
  2019          21             0.000199        0.000515        0.000360
  2019          22             0.000209        0.000536        0.000375
  2019          23             0.000215        0.000569        0.000394
  2019          24             0.000184        0.000590        0.000388
  2019          25             0.000178        0.000596        0.000387
  2019          26             0.000218        0.000811        0.000514
  2019          27             0.000272        0.000626        0.000448
  2019          28             0.000277        0.000749        0.000511
  2019          29             0.000268        0.000720        0.000491
  2019          30             0.000352        0.000756        0.000550
  2019          31             0.000289        0.000827        0.000552
  2019          32             0.000319        0.000893        0.000599
  2019          33             0.000347        0.000934        0.000633
  2019          34             0.000423        0.000912        0.000662
  2019          35             0.000480        0.001029        0.000748
  2019          36             0.000470        0.001096        0.000776
  2019          37             0.000582        0.001163        0.000866
  2019          38             0.000608        0.001277        0.000935
  2019          39             0.000654        0.001339        0.000990
  2019          40             0.000680        0.001385        0.001027
  2019          41             0.000823        0.001459        0.001137
  2019          42             0.000800        0.001608        0.001199
  2019          43             0.000912        0.001832        0.001368
  2019          44             0.001010        0.002023        0.001512
  2019          45             0.001144        0.002178        0.001657
  2019          46             0.001320        0.002348        0.001830
  2019          47             0.001514        0.002698        0.002103
  2019          48             0.001565        0.003006        0.002280
  2019          49             0.001795        0.003271        0.002524
  2019          50             0.001961        0.003680        0.002809
  2019          51             0.002270        0.003838        0.003042
  2019          52             0.002441        0.004464        0.003438
  2019          53             0.002516        0.004861        0.003668
  2019          54             0.002666        0.005082        0.003850
  2019          55             0.002971        0.005725        0.004316
  2019          56             0.003079        0.006233        0.004618
  2019          57             0.003355        0.006607        0.004936
  2019          58             0.003809        0.007449        0.005573
  2019          59             0.004070        0.008393        0.006156
  2019          60             0.004458        0.009008        0.006645
  2019          61             0.004850        0.009954        0.007295
  2019          62             0.005038        0.010606        0.007691
  2019          63             0.005319        0.011899        0.008438
  2019          64             0.005812        0.012304        0.008884
  2019          65             0.006163        0.013549        0.009655
  2019          66             0.006386        0.014512        0.010213
  2019          67             0.007210        0.015081        0.010908
  2019          68             0.007656        0.015813        0.011493
  2019          69             0.008147        0.017312        0.012452
  2019          70             0.008656        0.018539        0.013279
  2019          71             0.009716        0.019832        0.014438
  2019          72             0.010581        0.020982        0.015404
  2019          73             0.011460        0.022433        0.016499
  2019          74             0.012871        0.025060        0.018431
  2019          75             0.014543        0.026862        0.020130
  2019          76             0.015290        0.029798        0.021824
  2019          77             0.017800        0.032562        0.024380
  2019          78             0.019677        0.036333        0.027005
  2019          79             0.021966        0.040096        0.029792
  2019          80             0.026328        0.045135        0.034290
  2019          81             0.029876        0.050133        0.038329
  2019          82             0.033992        0.055240        0.042696
  2019          83             0.039671        0.063321        0.049094
  2019          84             0.046059        0.074221        0.056887
  2019          85             0.053732        0.085039        0.065488
  2019          86             0.063321        0.099103        0.076380
  2019          87             0.074576        0.112324        0.087855
  2019          88             0.086629        0.127515        0.100409
  2019          89             0.099422        0.144034        0.113845
  2019          90             0.112539        0.163117        0.128075
  2019          91             0.131538        0.186243        0.147538
  2019          92             0.148883        0.210872        0.165972
  2019          93             0.171906        0.236686        0.188564
  2019          94             0.196302        0.266161        0.213147
  2019          95             0.219753        0.291567        0.235979
  2019          96             0.248276        0.324225        0.264248
  2019          97             0.275149        0.368701        0.293538
  2019          98             0.301958        0.379176        0.316142
  2019          99             0.335846        0.445440        0.354389
  2019         100             0.375504        0.477956        0.390864
  2019         101             0.403744        0.479073        0.413956
  2019         102             0.426903        0.593101        0.447308
  2019         103             0.440031        0.584107        0.455102
  2019         104             0.481876        0.584557        0.492093
  2019         105             1.299163        1.407896        1.309704
  2019         106             0.733590        0.776014        0.737349
  2019         107             0.727892        0.881179        0.740350
  2019         108             0.700830        1.039876        0.724115
  2019         109             0.699711        1.249847        0.732666
  2019         110+            0.711486        2.313354        0.749796